image_width: 1280
image_height: 720
camera_name: head_camera
camera_matrix:
  rows: 3
  cols: 3
  data: [1165.702031494505, 0, 586.1711571873111, 0, 1169.285170542694, 325.8469909318592, 0, 0, 1]
distortion_model: plumb_bob
distortion_coefficients:
  rows: 1
  cols: 5
  data: [-0.007108120688914169, -0.04209991404262835, -0.005012658813117407, -0.006022170433715461, 0]
rectification_matrix:
  rows: 3
  cols: 3
  data: [0.9654593563592205, -0.09206782521336289, -0.2437452497566281, 0.07928275652199253, 0.9949362328450587, -0.06177489045200729, 0.2481984603834476, 0.0403163506851093, 0.9678698859509585]
projection_matrix:
  rows: 3
  cols: 4
  data: [1880.047345613717, 0, 755.450382232666, -2489.686255634263, 0, 1880.047345613717, 343.1917533874512, 0, 0, 0, 1, 0]